0 21 411.54465128342997
0 29 372.9892759852487
0 37 590.193188710273
0 58 662.6439466259387
0 85 792.4405340465618
0 113 632.9684036348102
21 29 296.23301639081353
21 37 528.0956352783082
21 58 333.1095915761058
21 85 382.67087686417943
21 113 301.0813843464919
29 37 255.66579747787932
29 58 336.48179742743883
29 85 607.7869692581439
29 113 596.593664062903
37 58 396.8941924493227
37 85 754.910590732439
37 113 815.9932597760842
58 85 372.5922704512266
58 113 519.9538441054167
85 113 286.6653100743095
