8 22 293.83400361808447 8->6->10->13->17->18->22
8 28 411.472398162447 8->6->5->29->28
8 33 444.0735069516081 8->6->10->13->17->18->22->30->31->32->33
8 37 719.8420732072289 8->6->10->13->17->18->22->30->34->60->40->39->38->37
8 39 573.6853806852453 8->6->10->13->17->18->22->30->34->60->40->39
8 43 698.3432321908288 8->6->10->13->17->18->22->30->34->60->40->39->38->42->43
8 65 330.8963982865218 8->12->15->21->24->27->66->65
8 77 850.9175279213828 8->12->15->21->24->27->66->65->86->85->84->81->80->79->78->77
8 83 729.1901021707278 8->12->15->21->24->27->66->65->86->85->84->81->83
8 86 453.0847774393692 8->12->15->21->24->27->66->65->86
8 95 764.8035133924433 8->12->15->21->24->27->66->65->86->85->84->95
8 101 557.5702061953566 8->12->15->111->110->112->113->102->101
8 111 144.06239381289407 8->12->15->111
8 113 432.0167501810808 8->12->15->111->110->112->113
22 28 130.19066392980722 22->29->28
22 33 150.23950333352371 22->30->31->32->33
22 37 426.00806958914427 22->30->34->60->40->39->38->37
22 39 279.85137706716074 22->30->34->60->40->39
22 43 404.5092285727441 22->30->34->60->40->39->38->42->43
22 65 347.52641629322306 22->23->24->27->66->65
22 77 702.7547079820624 22->30->34->60->59->61->62->79->78->77
22 83 745.8201201774292 22->23->24->27->66->65->86->85->84->81->83
22 86 469.7147954460705 22->23->24->27->66->65->86
22 95 781.4335313991447 22->23->24->27->66->65->86->85->84->95
22 101 632.4023348705604 22->23->24->27->66->65->109->103->102->101
22 111 303.7797804405792 22->18->17->13->14->15->111
22 113 591.7341368087658 22->18->17->13->14->15->111->110->112->113
28 33 280.43016726333093 28->29->22->30->31->32->33
28 37 346.18918988178757 28->39->38->37
28 39 200.032497359804 28->39
28 43 324.6903488653874 28->39->38->42->43
28 65 477.7170802230303 28->29->22->23->24->27->66->65
28 77 832.9453719118695 28->29->22->30->34->60->59->61->62->79->78->77
28 83 876.0107841072364 28->29->22->23->24->27->66->65->86->85->84->81->83
28 86 599.9054593758777 28->29->22->23->24->27->66->65->86
28 95 911.6241953289519 28->29->22->23->24->27->66->65->86->85->84->95
28 101 762.5929988003676 28->29->22->23->24->27->66->65->109->103->102->101
28 111 433.9704443703864 28->29->22->18->17->13->14->15->111
28 113 721.924800738573 28->29->22->18->17->13->14->15->111->110->112->113
33 37 460.5064825528257 33->32->31->30->34->60->40->39->38->37
33 39 314.34979003084214 33->32->31->30->34->60->40->39
33 43 439.0076415364255 33->32->31->30->34->60->40->39->38->42->43
33 65 497.7659196267467 33->32->31->30->22->23->24->27->66->65
33 77 737.2531209457438 33->32->31->30->34->60->59->61->62->79->78->77
33 83 789.1881531143777 33->32->31->30->34->60->59->61->62->79->80->83
33 86 619.9542987795942 33->32->31->30->22->23->24->27->66->65->86
33 95 931.6730347326683 33->32->31->30->22->23->24->27->66->65->86->85->84->95
33 101 782.641838204084 33->32->31->30->22->23->24->27->66->65->109->103->102->101
33 111 454.0192837741029 33->32->31->30->22->18->17->13->14->15->111
33 113 741.9736401422896 33->32->31->30->22->18->17->13->14->15->111->110->112->113
37 39 146.15669252198356 37->38->39
37 43 212.34951995255716 37->41->42->43
37 65 598.3404391795494 37->38->39->40->60->59->61->65
37 77 818.7629229535288 37->38->39->40->60->59->61->62->79->78->77
37 83 870.6979551221626 37->38->39->40->60->59->61->62->79->80->83
37 86 720.5288183323969 37->38->39->40->60->59->61->65->86
37 95 1032.2475542854709 37->38->39->40->60->59->61->65->86->85->84->95
37 101 883.2163577568867 37->38->39->40->60->59->61->65->109->103->102->101
37 111 729.7878500297235 37->38->39->40->60->34->30->22->18->17->13->14->15->111
37 113 873.8179705084638 37->38->39->40->60->59->61->65->109->103->102->113
39 43 124.65785150558338 39->38->42->43
39 65 452.18374665756596 39->40->60->59->61->65
39 77 672.6062304315453 39->40->60->59->61->62->79->78->77
39 83 724.5412626001792 39->40->60->59->61->62->79->80->83
39 86 574.3721258104134 39->40->60->59->61->65->86
39 95 886.0908617634876 39->40->60->59->61->65->86->85->84->95
39 101 737.0596652349033 39->40->60->59->61->65->109->103->102->101
39 111 583.6311575077399 39->40->60->34->30->22->18->17->13->14->15->111
39 113 727.6612779864803 39->40->60->59->61->65->109->103->102->113
43 65 576.8415981631493 43->42->38->39->40->60->59->61->65
43 77 797.2640819371287 43->42->38->39->40->60->59->61->62->79->78->77
43 83 849.1991141057625 43->42->38->39->40->60->59->61->62->79->80->83
43 86 699.0299773159968 43->42->38->39->40->60->59->61->65->86
43 95 1010.7487132690709 43->42->38->39->40->60->59->61->65->86->85->84->95
43 101 861.7175167404866 43->42->38->39->40->60->59->61->65->109->103->102->101
43 111 708.2890090133233 43->42->38->39->40->60->34->30->22->18->17->13->14->15->111
43 113 852.3191294920637 43->42->38->39->40->60->59->61->65->109->103->102->113
65 77 520.0211296348609 65->86->85->84->81->80->79->78->77
65 83 398.2937038842061 65->86->85->84->81->83
65 86 122.18837915284743 65->86
65 95 433.90711510592155 65->86->85->84->95
65 101 284.8759185773373 65->109->103->102->101
65 111 297.770564551066 65->109->110->111
65 113 275.4775313289144 65->109->103->102->113
77 83 173.25318419505038 77->78->79->80->83
77 86 397.8327504820135 77->78->79->80->81->84->85->86
77 95 408.6043244608814 77->78->79->80->81->84->95
77 101 452.8840987430221 77->78->79->80->81->84->96->104->101
77 111 817.7916941859269 77->78->79->80->81->84->85->86->65->109->110->111
77 113 578.4375547572978 77->78->79->80->81->84->96->104->101->102->113
83 86 276.1053247313586 83->81->84->85->86
83 95 286.8768987102265 83->81->84->95
83 101 331.15667299236725 83->81->84->96->104->101
83 111 696.064268435272 83->81->84->85->86->65->109->110->111
83 113 456.710129006643 83->81->84->96->104->101->102->113
86 95 311.7187359530741 86->85->84->95
86 101 269.17238494750154 86->85->105->104->101
86 111 419.9589437039134 86->65->109->110->111
86 113 394.7258409617773 86->85->105->104->101->102->113
95 101 366.7700842140827 95->84->96->104->101
95 111 731.6776796569875 95->84->85->86->65->109->110->111
95 113 492.3235402283585 95->84->96->104->101->102->113
101 111 413.5078123824625 101->102->113->112->110->111
101 113 125.55345601427577 101->102->113
111 113 287.95435636818667 111->110->112->113
